Domain;Total Visits;Average m Visits;Italy Percentage;Pages per View;6m Pageviews Italy;Source Direct;Source Mail;Source Referral;Source Social;Source Organic;Source Paid Search;Source Paid Display;IP1;IP2;IP3
105.net;10700000;10687974.0;89.97;2.4;23078328;27.47;3.07;30.58;18.83;20.0;0.0;0.04;87.98.131.91;;
123rf.com;186800000;186757680.0;3.29;3.5;21505146;17.31;0.27;4.7;1.1;75.98;0.45;0.19;103.14.245.12;;
1tv.ru;228800000;228840516.0;0.63;2.3;3315899;38.46;0.64;17.68;3.6;39.59;0.0;0.03;195.16.108.152;81.177.156.117;81.177.156.116
24video.xxx;203200000;203189274.0;0.28;6.72;3823209;21.34;0.17;14.64;0.88;62.86;0.0;0.1;5.35.172.145;;
300mbfilms.co;34800000;34834992.0;0.01;3.43;0;85.12;0.33;11.89;0.7;1.57;0.0;0.39;195.154.177.95;;
3sk.tv;114700000;114740430.0;0.45;4.03;2080817;41.67;0.24;26.47;6.94;24.08;0.0;0.59;104.25.126.11;104.25.127.11;
500px.com;128900000;128930202.0;3.17;10.72;43813576;51.11;1.59;19.18;16.37;11.47;0.12;0.16;198.50.208.98;;
6play.fr;80200000;80222814.0;0.12;4.32;415875;39.07;0.49;12.52;1.13;46.75;0.0;0.05;141.138.91.58;;
6vhao.com;44900000;44857302.0;0.08;3.07;110169;71.08;0.15;18.34;0.43;9.98;0.0;0.01;119.28.48.229;;
720pizle.com;60700000;60696666.0;0.04;3.81;92501;40.27;0.11;14.23;1.15;43.79;0.0;0.45;104.18.37.13;104.18.36.13;
9gag.com;1700000000;1661507568.0;1.19;3.88;76715127;50.21;0.38;12.11;33.39;3.88;0.0;0.04;54.93.159.225;52.58.21.109;52.58.59.101
abc.go.com;112900000;112947804.0;0.29;3.43;1123491;28.96;1.3;24.24;3.45;41.99;0.0;0.06;23.23.144.62;184.73.202.169;23.21.117.90
aclst.com;99300000;99287646.0;2.42;5.24;12590467;90.55;0.0;7.93;1.15;0.35;0.0;0.01;;;
acunn.com;98600000;98559594.0;0.03;5.51;162919;26.75;0.13;7.94;31.37;33.69;0.0;0.12;213.155.122.4;;
adorocinema.com;161600000;161630910.0;0.04;2.83;182966;6.27;0.08;2.58;26.17;64.65;0.01;0.23;208.48.167.220;;
agenziaentrate.gov.it;54000000;53963556.0;98.41;13.1;695682514;36.38;0.87;20.06;0.26;42.36;0.0;0.07;217.175.53.65;;
allmyvideos.net;216300000;216330306.0;0.79;1.96;3349658;5.2;0.36;89.93;1.38;0.44;0.0;2.69;188.164.249.147;;
allocine.fr;370300000;370322940.0;0.2;4.15;3073680;26.76;0.24;9.15;3.83;59.91;0.01;0.11;62.39.143.23;;
angolotesti.it;31400000;31424700.0;93.5;1.57;46129888;5.35;0.02;1.32;0.17;93.04;0.0;0.11;95.211.90.150;;
animeclick.it;9200000;9233394.0;94.37;3.52;30671709;56.77;0.15;9.21;6.24;27.57;0.0;0.06;149.202.208.137;;
animeforce.org;11300000;11296776.0;97.75;3.93;43397412;65.83;0.19;21.42;2.33;4.02;0.0;6.22;104.28.10.66;104.28.11.66;
animefreak.tv;76200000;76233906.0;0.68;4.38;2270550;61.52;0.72;29.38;3.5;4.56;0.0;0.32;185.85.237.122;;
aparat.com;79600000;79614258.0;0.09;5.68;406988;26.51;0.4;16.09;0.67;55.99;0.0;0.33;46.224.3.195;;
arabseed.com;61400000;61432440.0;0.13;4.12;329032;64.38;0.15;16.56;1.94;15.97;0.0;0.99;104.20.10.235;104.20.9.235;
armagedomfilmes.biz;84100000;84089820.0;0.09;4.37;330725;41.73;0.39;19.18;2.5;35.28;0.0;0.93;104.24.126.209;104.24.127.209;
arte.tv;82300000;82300536.0;0.64;3.33;1753989;47.61;0.45;19.36;9.25;22.99;0.21;0.13;212.95.74.37;;
attivissimo.blogspot.it;4700000;4700214.0;98.83;1.52;7060736;71.68;0.03;9.34;4.2;14.74;0.0;0.01;172.217.20.129;;
atv.com.tr;103300000;103331016.0;0.06;3.88;240554;18.78;0.17;20.46;3.14;57.21;0.0;0.24;185.59.72.133;;
azlyrics.com;977800000;977782812.0;1.85;1.64;29665930;6.55;0.04;1.45;0.27;91.6;0.0;0.09;5.79.69.118;;
b9dm.com;99500000;99504972.0;0.09;3.37;301798;29.97;0.35;61.82;1.31;6.35;0.0;0.2;107.182.233.189;;
badtaste.it;9100000;9063030.0;93.3;2.27;19194681;37.97;0.2;6.25;20.69;34.87;0.0;0.02;46.30.247.47;;
bandcamp.com;246200000;246183570.0;1.92;3.1;14652846;35.85;1.17;14.95;20.94;26.88;0.0;0.22;151.101.129.28;151.101.193.28;151.101.1.28
bastardidentro.it;7300000;7333830.0;93.32;4.09;27991674;13.28;12.09;3.43;65.81;5.38;0.0;0.0;104.27.189.247;104.27.188.247;
behance.net;280700000;280653384.0;2.16;6.02;36493920;34.25;2.54;28.42;12.66;21.95;0.0;0.18;74.205.63.94;;
bfmtv.com;173700000;173700726.0;0.21;3.3;1203746;27.67;0.63;12.65;27.3;30.39;0.0;1.36;5.196.140.245;5.39.60.82;5.196.140.244
bigcinema.tv;229200000;229176288.0;0.35;2.06;1652361;32.01;0.42;15.29;2.42;49.73;0.0;0.13;78.108.183.161;;
bitchyf.it;8000000;7978908.0;87.43;3.33;23229944;43.24;0.68;5.45;31.93;18.69;0.0;0.02;85.234.146.73;;
boxofficemojo.com;72900000;72885810.0;1.34;4.66;4551281;57.91;0.29;12.79;2.93;26.08;0.0;0.01;207.171.166.22;72.21.206.80;72.21.210.29
bs.to;300200000;300231156.0;0.73;5.06;11089938;44.74;0.16;43.88;1.52;8.84;0.0;0.85;186.2.163.124;;
bttiantang.com;104900000;104885730.0;0.07;4.35;319377;57.32;0.16;14.32;0.47;27.67;0.0;0.06;162.159.208.61;162.159.209.61;
caffeinamagazine.it;9500000;9492066.0;93.11;3.29;29077226;4.6;0.2;4.44;70.07;20.52;0.0;0.17;62.149.128.157;54.76.24.42;62.149.128.151
calciatoribrutti.com;3900000;3939780.0;90.45;4.33;15430089;8.93;0.26;2.99;81.43;5.91;0.2;0.29;138.201.56.219;;
canalplus.fr;87000000;87043218.0;0.34;2.44;722110;45.19;0.43;12.77;8.64;30.19;1.65;1.13;194.4.244.50;;
cbs.com;178500000;178542720.0;0.37;2.94;1942187;35.77;1.35;21.48;15.96;23.18;1.22;1.04;64.30.228.50;64.30.228.49;
cc.com;118900000;118915734.0;0.56;3.19;2124310;38.42;0.77;13.73;19.05;27.59;0.26;0.18;69.58.186.114;;
cda.pl;476300000;476309772.0;0.13;3.52;2179593;25.63;0.27;22.85;1.87;49.27;0.0;0.11;104.20.12.130;104.20.11.130;
ceskatelevize.cz;81000000;81030318.0;0.08;3.27;211975;44.21;0.58;18.68;9.87;26.61;0.0;0.05;212.47.2.209;;
channel4.com;100700000;100738068.0;0.23;3.01;697409;35.53;0.66;19.31;3.38;41.09;0.01;0.02;83.98.28.10;;
cima4u.tv;82900000;82902468.0;0.47;5.07;1975482;41.22;0.14;24.69;3.01;30.14;0.0;0.8;104.25.51.117;104.25.52.117;
cineblog01hd.net;4900000;4891968.0;93.52;2.92;13358907;36.7;0.29;59.82;0.57;2.19;0.0;0.43;104.28.26.38;104.28.27.38;
cinecalidad.com;64700000;64670598.0;0.16;4.92;509086;62.2;0.14;9.28;1.3;25.43;0.0;1.66;104.27.148.191;104.27.149.191;
cinefilmesonline.net;47200000;47200458.0;0.06;3.28;92890;23.37;0.26;14.72;1.39;59.53;0.0;0.73;104.24.113.166;104.24.112.166;
cinemablend.com;220500000;220483542.0;0.63;2.07;2875325;21.98;0.22;3.65;13.09;61.01;0.0;0.04;104.16.58.105;104.16.61.105;
cinematrix.net;51400000;51440664.0;0.74;2.06;784161;6.78;0.13;73.0;0.98;0.67;0.0;18.44;104.24.6.60;104.24.7.60;
comingsoon.it;32100000;32124348.0;94.73;2.46;74861231;18.75;0.21;13.79;5.39;59.67;1.58;0.62;46.37.7.87;;
crunchyroll.com;221100000;221104812.0;0.76;3.73;6267879;44.91;0.98;27.88;8.28;17.29;0.53;0.13;104.20.18.239;104.20.19.239;
dailymotion.com;2400000000;2379124014.0;2.12;2.89;145764170;17.99;0.31;27.11;7.59;46.4;0.0;0.61;195.8.215.136;;
dardarkom.com;50500000;50544168.0;0.51;4.02;1036256;36.66;0.1;14.18;2.7;44.96;0.0;1.4;104.18.40.62;104.18.41.62;
ddlvillage.org;8600000;8587758.0;94.82;5.78;47066032;71.4;1.1;21.91;1.2;4.37;0.0;0.02;185.63.252.202;;
deejay.it;23300000;23320140.0;90.29;2.1;44217084;38.53;0.88;9.09;30.22;21.07;0.0;0.21;52.19.91.183;52.19.87.98;
deezer.com;297200000;297169932.0;1.7;4.42;22329348;71.58;0.42;7.71;2.8;17.32;0.09;0.07;78.40.123.183;78.40.123.182;
deviantart.com;1100000000;1133546148.0;1.67;14.25;269755644;47.71;0.57;17.7;11.62;21.83;0.0;0.56;54.230.25.150;54.230.25.134;54.230.25.22
deviantart.net;325100000;325099002.0;1.6;1.97;10247120;19.95;0.02;13.56;16.13;50.23;0.0;0.1;52.40.138.0;52.27.162.29;
discogs.com;209300000;209295918.0;3.65;9.93;75858258;36.2;0.91;16.12;2.47;44.29;0.0;0.02;216.151.17.130;;
divxtotal.com;122200000;122204196.0;0.11;4.62;621041;69.31;0.26;8.12;0.36;21.6;0.0;0.35;188.95.248.35;;
dizibox.com;159200000;159201858.0;0.08;2.82;359159;52.08;0.45;25.99;1.95;19.44;0.0;0.09;104.24.3.2;104.24.2.2;
dizipub.com;103300000;103289898.0;0.03;2.79;86453;32.71;0.33;33.76;1.8;30.3;0.0;1.1;104.20.56.21;104.20.55.21;
doramatv.ru;67900000;67864242.0;0.17;4.41;508778;24.27;0.76;49.02;6.52;19.32;0.0;0.1;91.121.156.147;;
download.televisionfanatic.com;126700000;126725472.0;1.23;1.32;2057514;29.28;0.15;21.21;1.05;2.51;1.12;44.67;74.113.235.138;;
dplay.com;12100000;12139482.0;95.3;2.75;31814547;22.48;0.58;45.71;4.55;24.5;0.0;2.18;185.26.230.129;;
dr.dk;114200000;114223128.0;0.13;4.46;662265;63.69;0.7;18.01;8.13;9.46;0.0;0.01;159.20.6.38;;
dramafever.com;128600000;128558502.0;0.01;2.81;0;29.58;1.4;37.23;10.1;20.8;0.58;0.31;54.209.135.220;52.2.252.224;54.164.236.11
dreamstime.com;152400000;152431608.0;2.83;3.23;13933620;21.01;0.39;5.61;1.34;69.5;1.49;0.66;50.23.192.82;;
el7l.co;46200000;46238052.0;0.32;3.95;584448;29.57;0.09;15.4;2.51;50.39;0.0;2.03;50.63.202.5;;
eonline.com;312500000;312541356.0;0.49;2.59;3966462;21.15;0.36;6.79;22.16;48.37;0.01;1.15;70.39.36.220;;
eurostreaming.tv;95800000;95846754.0;92.81;2.48;220609323;43.82;0.37;11.82;1.07;42.65;0.0;0.27;104.20.85.130;104.20.84.130;
fandango.com;263800000;263763360.0;0.12;3.95;1250238;28.35;2.03;13.91;1.78;52.67;0.7;0.54;204.74.99.100;;
fastwebnet.it;9100000;9109302.0;97.39;7.18;63697723;23.03;0.9;73.41;0.74;1.8;0.0;0.12;;;
film.interia.pl;38200000;38171802.0;0.06;2.25;51531;2.37;0.11;95.15;0.67;1.61;0.0;0.09;217.74.71.147;;
film.onet.pl;107200000;107227554.0;0.14;3.66;549433;2.01;0.12;89.27;2.46;6.1;0.0;0.04;213.180.141.158;;
film.qq.com;49900000;49909092.0;0.03;2.39;35784;13.79;0.05;77.3;0.37;8.48;0.01;0.0;203.205.151.227;203.205.151.212;203.205.151.211
film.wp.pl;84800000;84815304.0;0.11;3.9;363857;1.72;0.12;91.8;1.69;4.63;0.0;0.04;212.77.99.3;;
filmaffinity.com;106300000;106291392.0;0.25;3.89;1033683;32.89;0.33;10.78;1.27;54.62;0.0;0.12;82.98.141.148;;
filmesonlinegratis.net;311900000;311860086.0;0.12;5.05;1889872;39.97;0.24;19.45;1.92;37.39;0.0;1.02;104.20.23.105;104.20.22.105;
filmesonlinehd1.com;63700000;63670080.0;0.2;3.98;506813;30.44;0.18;12.92;1.9;53.94;0.0;0.63;104.24.123.177;104.24.122.177;
filmesonlinex.net;71800000;71833104.0;0.04;4.14;118955;40.52;0.17;13.58;1.7;43.56;0.0;0.48;93.158.212.6;;
filmfanatic.com;117500000;117542646.0;2.29;1.28;3445410;18.22;0.14;24.36;0.9;1.77;0.55;54.07;74.113.233.64;;
filmibeat.com;68600000;68557338.0;0.01;6.78;0;6.73;1.02;55.7;6.66;29.54;0.0;0.34;198.72.116.208;;
filmifullizle.org;105800000;105835608.0;0.01;6.01;0;25.85;0.18;15.15;0.93;57.46;0.0;0.42;95.130.173.170;95.130.173.171;
filmitorrent.org;79900000;79917588.0;0.24;4.63;888044;37.13;0.53;10.03;1.2;51.07;0.0;0.05;5.45.77.37;;
filmix.net;140100000;140101398.0;0.89;4.13;5149707;53.59;0.65;26.75;2.94;16.02;0.0;0.05;185.48.56.24;;
filmsenzalimiti.co;56600000;56588670.0;91.77;4.42;229536887;18.73;0.12;37.41;0.44;41.34;0.0;1.96;104.28.14.36;104.28.15.36;
filmstarts.de;58300000;58282788.0;0.54;3.51;1104691;31.58;0.05;4.37;7.75;56.14;0.01;0.09;62.39.143.50;;
filmstreamvk.com;43200000;43222680.0;0.29;2.97;372276;23.33;0.49;25.06;1.44;49.1;0.0;0.59;104.18.33.13;104.18.32.13;
filmtv.it;18600000;18590106.0;94.06;2.84;49659824;27.2;0.36;36.87;0.47;34.99;0.0;0.12;151.1.175.125;;
filmweb.pl;356600000;356584122.0;0.15;6.85;3663901;37.83;0.54;10.9;3.26;47.43;0.01;0.03;193.200.227.13;;
fiscoetasse.com;5600000;5615460.0;98.14;1.61;8872730;10.15;4.38;2.76;1.41;81.21;0.07;0.02;213.92.122.98;;
fizrukoff.net;21100000;21124494.0;0.45;3.25;308945;12.88;0.52;22.03;3.22;61.06;0.0;0.29;104.18.55.77;104.18.54.77;
flickr.com;926600000;926569266.0;2.74;14.54;369141489;40.11;1.91;24.08;14.08;19.56;0.0;0.26;69.147.76.173;;
freepik.com;204900000;204943014.0;2.18;8.76;39137557;31.67;1.86;20.13;2.09;44.16;0.0;0.09;178.33.44.27;;
fs.to;172500000;172512930.0;0.04;5.67;391259;44.65;0.98;39.8;4.98;9.55;0.0;0.04;91.226.97.14;;
gfycat.com;661200000;661170282.0;0.62;2.59;10617072;12.68;0.12;3.78;82.32;0.62;0.0;0.49;104.16.116.165;104.16.115.165;104.16.113.165
giga.de;163400000;163406412.0;0.55;2.03;1824432;22.08;0.05;2.76;5.76;69.29;0.01;0.05;80.86.80.168;80.86.80.169;80.86.80.170
giphy.com;811700000;811692012.0;2.43;2.24;44182019;16.53;0.36;5.72;60.61;16.72;0.01;0.05;104.16.11.250;;
glaz.tv;136600000;136608396.0;0.38;3.04;1578100;29.3;1.41;37.15;4.7;27.35;0.01;0.06;93.114.45.124;;
gnula.nu;137500000;137538564.0;0.25;3.06;1052170;48.36;0.24;15.3;1.84;33.26;0.0;1.01;104.25.225.9;104.25.224.9;
googledrive.com;79900000;79862472.0;1.18;2.14;2016687;24.09;1.85;27.52;13.57;32.19;0.0;0.79;172.217.20.129;;
gossipblog.itimdb.com;0;0.0;0.01;0.0;0;0.0;0.0;0.0;0.0;0.0;0.0;0.0;;;
hbogo.com;133900000;133889262.0;0.05;6.97;466604;50.74;1.3;32.76;1.89;13.29;0.0;0.02;206.208.179.83;206.208.179.21;206.208.179.139
hdfilmcehennemi.com;85700000;85654488.0;0.02;3.91;66981;47.77;0.16;15.07;1.35;34.85;0.0;0.8;104.25.25.19;104.25.24.19;
hdfilms.tv;32700000;32673330.0;0.11;1.48;53192;10.62;0.1;3.85;0.53;84.76;0.0;0.15;193.109.246.154;;
hdkinomax.com;67200000;67159428.0;0.25;1.78;298859;8.37;0.09;4.38;0.51;86.55;0.0;0.1;193.109.246.146;;
hdonline.vn;119400000;119378448.0;0.01;4.77;0;46.37;0.23;21.07;8.43;23.75;0.0;0.15;210.245.125.106;;
heavy.com;140800000;140769372.0;0.71;1.94;1938957;8.85;0.51;3.0;4.79;82.81;0.0;0.03;192.0.79.34;;
history.com;140600000;140638416.0;0.29;1.86;758603;19.12;0.37;6.31;4.23;69.49;0.37;0.1;204.74.99.101;;
homepage-web.com;181000000;181015236.0;4.07;1.9;13997908;99.84;0.01;0.12;0.01;0.02;0.0;0.0;104.25.30.36;104.25.31.36;
hotstar.com;293300000;293300094.0;0.25;4.37;3204303;56.91;0.06;4.53;0.78;33.75;3.38;0.59;54.169.176.66;54.169.175.143;
hottuber.com;9700000;9714294.0;20.07;1.13;2203114;3.95;0.01;72.21;0.21;0.17;0.0;23.45;50.63.121.163;;
hulu.com;720000000;719995746.0;0.07;14.74;7428916;61.71;1.69;23.7;2.25;9.44;1.15;0.07;23.222.28.24;23.222.28.27;
huya.com;100900000;100889076.0;0.12;3.7;447947;41.59;0.12;38.8;1.53;17.96;0.0;0.0;113.107.236.195;14.17.109.66;221.228.79.225
ilcorsaronero.info;49100000;49097502.0;95.93;6.05;284950363;67.65;0.38;11.08;0.4;20.2;0.0;0.29;31.131.4.166;;
imdb.com;4200000000;4192844682.0;0.96;5.45;219369633;32.31;0.36;14.62;2.37;50.23;0.0;0.1;72.21.206.80;72.21.210.29;207.171.166.22
indiewire.com;63300000;63316704.0;1.11;1.74;1222898;19.18;0.47;6.15;25.29;48.82;0.0;0.09;192.0.66.2;;
infinitytv.it;8199999;8167866.0;97.15;3.98;31581625;45.83;3.98;14.85;2.05;24.52;6.49;2.28;91.211.156.19;;
italia-film.co;84600000;84628452.0;92.25;3.75;292761551;51.93;0.43;15.98;1.26;30.09;0.0;0.31;104.20.38.187;104.20.39.187;
italiansubs.net;24600000;24561234.0;93.95;3.47;80071219;69.84;0.89;12.31;2.03;14.88;0.0;0.04;163.172.33.147;;
itv.com;158000000;158006832.0;0.21;2.43;806308;33.44;0.5;15.64;18.23;32.14;0.01;0.03;52.48.32.52;;
ivi.ru;202800000;202834506.0;0.21;2.72;1158590;20.09;0.58;25.15;2.49;50.02;0.13;1.55;91.233.219.155;91.233.219.154;
ivid.it;11500000;11479236.0;91.61;5.05;53106446;10.8;0.92;75.0;3.57;8.41;0.03;1.28;212.239.12.200;;
juzaphoto.com;11000000;10986882.0;87.65;9.39;90425719;41.52;1.33;13.22;2.69;41.21;0.02;0.02;5.135.200.157;;
k4pp4.pw;19300000;19268508.0;92.16;1.73;30721092;4.07;0.13;91.76;0.65;2.44;0.0;0.95;104.28.8.47;104.28.9.47;
kanald.com.tr;236000000;235966302.0;0.01;5.74;0;18.32;0.2;24.67;6.61;49.9;0.0;0.31;91.93.50.67;213.243.48.67;
kat.cr;3400000000;3442222524.0;1.02;6.12;214877298;61.84;0.86;27.86;2.68;6.4;0.0;0.37;119.81.124.105;69.165.95.186;149.202.90.63
keepvid.com;150900000;150905874.0;1.94;3.35;9807372;53.42;0.49;13.73;8.26;23.92;0.0;0.18;159.8.220.42;;
kino-filmi.net;40900000;40905990.0;0.41;2.17;363940;12.41;0.11;6.6;0.56;79.86;0.0;0.46;104.28.26.12;104.28.27.12;
kino-teatr.ru;85600000;85632168.0;0.37;3.63;1150125;13.43;0.22;6.72;0.93;78.66;0.0;0.03;178.218.209.114;;
kinogo.co;1200000000;1210041288.0;0.34;3.06;12589269;30.74;0.58;23.05;3.46;42.07;0.0;0.09;193.169.252.134;;
kinokrad.net;242300000;242285334.0;0.45;3.13;3412588;20.47;0.46;18.8;1.87;58.32;0.0;0.08;5.45.79.1;;
kinoman.tv;131699999;131650110.0;0.18;4.37;1035559;52.96;0.81;35.16;2.59;8.25;0.0;0.22;104.31.69.61;104.31.68.61;
kinopoisk.ru;662300000;662303028.0;0.24;4.16;6612433;27.14;0.66;13.47;2.96;55.74;0.01;0.04;87.250.251.105;213.180.193.105;
kinox.to;205100000;205062702.0;0.82;3.5;5885299;67.84;0.16;16.34;1.14;14.06;0.0;0.45;104.28.21.67;104.28.20.67;
kisscartoon.me;204300000;204305436.0;0.54;3.93;4335769;45.11;0.51;26.42;3.31;24.57;0.0;0.08;104.25.242.29;104.25.243.29;
kshowonline.com;148300000;148250142.0;0.55;2.43;1981363;53.0;0.87;27.94;5.09;12.66;0.0;0.43;104.31.94.153;104.31.95.153;
ku6.com;152700000;152693670.0;0.03;2.12;97113;6.65;0.05;14.43;0.41;78.45;0.0;0.01;122.11.45.243;;
la7.it;17700000;17683710.0;81.12;2.57;36866715;36.7;0.56;14.5;11.95;36.27;0.0;0.03;213.215.236.14;;
listenonrepeat.com;92100000;92073960.0;0.01;30.98;0;88.55;0.01;0.34;0.49;10.61;0.0;0.01;52.8.85.110;;
livestream.com;107500000;107483934.0;2.34;2.33;5860239;37.43;1.2;25.85;9.81;25.29;0.04;0.37;23.235.33.207;23.235.37.207;104.156.81.207
livetv.sx;166000000;166040748.0;7.98;6.26;82945323;57.28;0.43;24.54;2.09;15.47;0.0;0.18;93.174.89.3;62.210.114.138;
lostfilm.tv;194700000;194729598.0;0.27;2.57;1351228;76.48;0.95;16.33;1.81;4.43;0.0;0.01;185.85.120.10;;
mangaeden.com;18500000;18467460.0;54.28;59.76;599042444;66.53;0.46;18.1;1.75;12.97;0.0;0.19;104.20.52.174;104.20.51.174;
mangafox.me;342000000;342018900.0;2.29;42.05;329345389;55.22;0.61;21.06;3.17;19.88;0.0;0.05;185.4.227.116;176.53.21.90;
mangareader.net;226400000;226377024.0;2.53;34.59;198108645;74.77;0.63;15.5;1.89;6.86;0.0;0.35;185.85.189.58;;
maplestage.com;105500000;105531486.0;0.43;3.37;1529256;43.91;1.12;37.19;4.53;13.21;0.0;0.05;104.20.67.125;104.20.73.125;
media-fire.org;140900000;140878212.0;1.29;1.52;2762339;13.26;0.28;43.34;1.28;1.67;0.0;40.17;104.20.0.146;104.20.1.146;
mediaset.it;268500000;268482492.0;90.99;3.64;889223678;50.34;0.6;10.34;5.61;33.03;0.0;0.07;91.211.156.128;;
mediasetpremium.it;18500000;18456654.0;97.55;4.34;78139382;52.66;2.32;11.84;0.38;31.05;0.09;1.65;91.211.156.128;;
meduza.io;91400000;91437288.0;0.47;2.24;962651;41.42;3.15;16.27;32.05;7.09;0.0;0.01;163.172.11.143;91.227.34.40;195.154.163.43
megafilmesonline.net;68200000;68202276.0;0.1;4.65;317140;15.45;0.12;10.35;1.24;71.99;0.0;0.85;104.27.159.147;104.27.158.147;
megogo.net;116800000;116764062.0;0.17;3.12;619316;19.22;0.66;28.99;1.5;39.91;1.1;8.61;193.187.77.50;;
metacritic.com;163800000;163755666.0;1.96;2.63;8441277;40.83;0.36;10.93;2.12;45.71;0.0;0.04;184.73.243.78;23.23.171.117;
mitele.es;99700000;99706242.0;0.33;3.27;1075930;34.48;0.54;36.14;2.09;26.26;0.0;0.48;213.4.97.110;;
movie-blog.org;49600000;49577832.0;0.55;7.21;1966008;77.64;0.13;17.1;0.58;4.52;0.0;0.02;104.28.7.12;104.28.6.12;
movie.douban.com;323900000;323851314.0;0.08;8.21;2127055;19.73;0.23;41.04;0.91;38.09;0.0;0.01;211.147.4.32;211.147.4.49;211.147.4.31
movie.naver.com;108500000;108502680.0;0.04;3.24;140619;7.23;0.11;91.29;0.46;0.89;0.0;0.02;125.209.210.121;;
movie2free.com;157400000;157355406.0;0.04;3.8;239180;38.24;0.01;3.55;0.93;56.69;0.0;0.58;104.27.198.93;104.27.197.93;
movie4k.to;228100000;228073770.0;0.2;4.98;2271614;67.09;0.23;21.19;1.21;9.69;0.0;0.59;104.31.18.30;104.31.19.30;
moviepilot.com;152900000;152929116.0;0.71;1.35;1465825;7.37;0.06;1.64;55.35;34.73;0.0;0.84;104.156.81.68;23.235.37.68;104.156.85.68
moviepilot.de;67099999;67055694.0;0.6;2.76;1110442;22.04;0.07;5.02;24.67;48.06;0.0;0.15;144.76.229.20;;
movieplayer.it;14700000;14674488.0;92.29;1.86;25190138;19.0;0.13;7.75;15.79;57.24;0.0;0.1;2.228.46.107;2.228.46.115;
movies.yahoo.com;103300000;103261530.0;0.01;10.05;0;20.45;0.79;64.6;6.77;7.05;0.0;0.34;217.12.1.156;217.12.1.155;
mtime.com;82000000;82028358.0;0.05;5.34;219015;42.3;0.31;15.9;1.06;40.4;0.0;0.04;59.151.32.20;;
mtv.com;208200000;208161870.0;0.81;4.6;7756111;15.02;0.24;9.22;38.11;37.05;0.01;0.36;129.228.33.192;;
mtv.it;30100000;30086856.0;82.39;2.18;54039062;8.33;0.03;3.29;12.34;75.86;0.0;0.15;206.220.43.92;;
multiplayer.it;31600000;31575306.0;94.89;2.99;89585805;57.34;0.47;7.4;5.15;29.58;0.0;0.06;2.228.46.112;2.228.46.105;
my-hit.org;295100000;295114242.0;0.56;3.3;5453711;41.29;0.57;18.74;2.04;37.3;0.0;0.06;46.183.150.253;;
myanimelist.net;345000000;345037056.0;1.3;4.72;21171473;39.18;0.37;14.56;5.71;40.12;0.0;0.06;52.34.252.101;50.112.69.198;
mycanal.fr;79900000;79912206.0;0.06;4.24;203296;34.48;1.16;54.44;1.43;8.34;0.08;0.07;194.4.244.50;;
mymovies.it;69700000;69738738.0;94.59;2.49;164255021;21.22;0.52;11.13;1.25;65.76;0.0;0.11;89.96.155.103;89.96.155.101;89.96.155.99
nationalgeographic.com;200100000;200113554.0;1.09;3.43;7481645;27.69;0.95;9.48;26.29;35.23;0.19;0.17;216.146.46.11;216.146.46.10;
nbc.com;113900000;113910516.0;0.27;2.74;842709;34.14;0.66;18.45;6.08;40.36;0.2;0.12;23.64.128.174;;
netflix.com;7500000000;7520296236.0;0.88;4.96;328245890;71.66;0.68;19.14;0.92;7.53;0.0;0.07;54.247.120.228;54.247.67.231;54.247.162.66
newgrounds.com;108300000;108295854.0;1.2;3.77;4899304;40.82;0.23;16.07;4.94;37.61;0.0;0.33;104.20.28.55;104.20.29.55;
newmovie-hd.com;97700000;97686762.0;0.01;3.66;0;18.3;0.05;13.37;3.09;64.54;0.0;0.65;104.27.196.93;104.27.195.93;
nhk.or.jp;294200000;294163926.0;0.09;2.97;786300;40.35;0.63;14.54;13.51;30.92;0.0;0.04;;;
nicovideo.jp;1700000000;1707417864.0;0.03;7.26;3718756;41.82;0.63;35.25;5.92;13.94;0.07;2.37;202.248.110.184;;
nos.nl;140600000;140601198.0;0.06;4.01;338286;68.15;0.37;12.62;7.37;11.48;0.0;0.01;145.58.29.114;145.58.28.175;
nosub.tv;88400000;88398204.0;0.01;3.31;0;44.02;0.42;50.6;1.29;3.64;0.0;0.03;108.61.182.108;;
nova.cz;75600000;75590172.0;0.11;4.16;345900;32.24;0.54;14.87;29.92;22.3;0.0;0.13;176.122.40.171;;
nowvideo.li;118700000;118701414.0;91.28;3.51;380310783;8.5;0.3;85.46;1.46;1.07;0.0;3.2;37.46.121.215;37.46.121.235;37.46.121.240
nrk.no;155400000;155381922.0;0.11;4.55;777686;61.42;0.65;22.08;8.48;7.36;0.0;0.01;160.68.205.231;;
omelete.uol.com.br;73300000;73264320.0;0.02;3.81;55827;28.31;1.33;17.11;29.66;23.35;0.0;0.25;200.147.4.47;200.147.36.53;
onlainfilm.ucoz.ua;140700000;140724600.0;0.21;1.92;567401;27.22;0.23;10.27;1.44;60.61;0.0;0.23;193.109.246.87;;
online-freebee.ru;37100000;37067196.0;0.2;2.11;156423;19.06;0.26;9.42;0.94;69.83;0.0;0.49;104.24.99.128;104.24.98.128;
onlinemoviewatchs.com;46700000;46723728.0;0.64;2.86;855231;25.41;0.25;14.16;1.15;56.93;0.0;2.11;104.31.86.80;104.31.87.80;
onlinemultfilmy.ru;171300000;171339192.0;0.1;2.71;464329;20.19;0.14;13.03;1.39;65.11;0.0;0.14;185.48.56.7;;
ontvtime.ru;75800000;75779646.0;0.71;3.54;1904645;38.29;0.99;33.92;2.53;24.22;0.0;0.05;178.218.212.86;46.165.229.240;
pbs.org;175800000;175763478.0;0.29;2.52;1284479;34.28;1.16;13.03;11.44;40.0;0.02;0.07;23.21.237.247;;
peliculasflv.tv;65099999;65055378.0;0.24;3.72;580814;13.9;0.05;9.86;1.24;74.06;0.0;0.89;178.132.78.130;;
pelis24.com;214600000;214563774.0;0.22;3.81;1798473;27.63;0.23;16.8;1.8;51.79;0.0;1.74;104.20.63.120;104.20.57.120;
pelispedia.tv;138200000;138206568.0;0.15;4.62;957771;46.42;0.46;25.78;2.67;23.74;0.0;0.93;104.20.72.45;104.20.71.45;
phim14.net;109600000;109608288.0;0.03;3.68;121007;43.63;0.42;27.78;5.25;22.45;0.0;0.46;104.25.193.26;104.25.192.26;
phimmoi.net;216700000;216729756.0;0.03;4.23;275030;47.72;0.28;24.27;3.4;24.12;0.0;0.21;125.212.241.188;;
photobucket.com;374700000;374687874.0;1.62;7.27;44128489;25.77;0.43;23.34;8.58;41.52;0.06;0.3;209.17.80.100;209.17.68.100;
pianetadonna.it;58400000;58432728.0;92.61;4.34;234857144;6.08;0.04;1.29;28.26;64.14;0.0;0.19;151.1.175.103;;
popcorntv.it;33500000;33486228.0;98.62;4.53;149599254;12.12;0.52;32.09;1.42;6.67;0.0;47.18;46.30.247.165;;
powvideo.net;108300000;108276138.0;0.26;2.45;689718;7.84;0.28;86.35;1.88;0.66;0.0;3.0;104.28.12.91;104.28.13.91;
pptv.com;83300000;83331606.0;0.04;2.35;78331;17.77;0.12;44.53;0.61;36.96;0.0;0.01;180.153.106.25;180.153.106.24;
programme-tv.net;337500000;337540542.0;0.14;3.09;1460200;43.95;2.45;15.8;3.39;34.04;0.0;0.37;31.15.25.40;;
programmitv.it;14500000;14499750.0;97.85;1.12;15890566;46.5;0.11;1.97;0.12;51.21;0.0;0.1;212.71.249.234;;
rai.it;77300000;77338494.0;86.15;7.16;477050126;36.08;0.79;18.86;4.54;39.65;0.0;0.07;212.162.68.90;;
rai.tv;92300000;92341020.0;88.35;4.17;340202324;32.76;0.58;31.03;4.8;30.71;0.0;0.12;212.162.68.90;;
rapidvideo.org;26700000;26658192.0;91.22;2.56;62253063;62.12;0.19;35.81;0.7;0.36;0.0;0.82;104.27.156.23;104.27.157.23;
re-direcciona.me;39300000;39295236.0;0.29;4.75;541291;5.11;0.6;88.83;2.67;1.48;0.0;1.31;104.24.1.36;104.24.0.36;
redbox.com;119600000;119609316.0;0.03;4.45;159678;59.93;3.16;8.57;0.79;26.35;1.15;0.05;206.18.125.29;;
registroelettronico.com;17100000;17103192.0;99.79;4.87;83117630;48.6;0.88;44.8;0.61;4.74;0.0;0.38;109.168.108.171;;
ren.tv;159400000;159444648.0;0.23;1.67;612426;28.13;0.57;60.73;4.68;5.64;0.0;0.25;91.218.132.100;;
repelis.tv;236300000;236280114.0;0.22;4.78;2484721;0.0;0.0;0.0;0.0;0.0;0.0;0.0;104.20.89.80;104.20.88.80;
rockol.it;11600000;11608506.0;90.17;2.7;28261952;10.02;0.83;6.44;12.53;70.12;0.0;0.06;91.212.167.45;;
rottentomatoes.com;365500000;365496114.0;0.95;2.92;10138862;38.54;0.35;8.57;1.91;50.57;0.0;0.05;52.41.154.179;54.149.168.205;52.27.77.35
rtl.it;6000000;6036588.0;90.55;3.11;16999665;48.95;0.47;8.14;5.37;36.67;0.0;0.4;88.60.43.150;;
russia.tv;100900000;100851816.0;0.6;2.39;1446215;31.05;0.64;24.43;2.01;41.78;0.0;0.09;80.247.32.208;;
rutube.ru;205700000;205694310.0;0.4;3.53;2904403;19.81;0.55;35.03;4.46;39.89;0.0;0.27;91.207.59.161;;
scambiofile.info;8700000;8685288.0;96.71;3.39;28474447;60.84;0.37;6.61;0.36;31.35;0.0;0.47;46.30.212.64;;
scoop.it;54400000;54415284.0;2.78;2.23;3373421;41.77;0.91;9.73;10.96;36.59;0.01;0.03;185.94.140.20;;
seasonvar.ru;718800000;718755174.0;0.45;2.17;7018644;50.94;0.61;21.07;2.72;24.6;0.0;0.06;178.236.137.154;178.236.137.156;178.236.137.157
sensacine.com;86300000;86272680.0;0.16;2.82;389262;0.0;0.0;0.0;0.0;0.0;0.0;0.0;62.39.143.50;;
serietvsubita.net;16900000;16850502.0;92.37;1.98;30818321;76.44;0.3;15.93;3.87;3.34;0.0;0.12;81.17.27.98;;
shutterstock.com;344600000;344566104.0;1.86;6.97;44670238;32.33;1.84;33.19;2.12;27.84;2.3;0.37;162.212.41.11;;
sidereel.com;83600000;83613720.0;0.56;2.39;1119086;35.45;0.94;13.22;2.53;47.63;0.0;0.22;173.247.105.225;;
sky.com;353900000;353894700.0;0.26;3.51;3229643;49.26;3.51;14.35;8.05;23.33;1.05;0.46;90.216.128.5;;
sky.it;92900000;92851404.0;94.54;4.34;380972653;31.58;3.19;29.06;5.15;29.21;0.54;1.27;185.26.140.70;185.26.142.70;185.26.142.195
skyonline.it;7300000;7262034.0;95.52;4.33;30035888;30.42;3.32;20.34;1.62;38.9;0.87;4.54;185.26.142.73;;
soundcloud.com;2100000000;2117778714.0;1.18;4.17;104207419;54.23;0.54;8.46;20.69;15.92;0.0;0.15;93.184.220.127;;
soundsblog.it;14700000;14730702.0;93.26;1.26;17309694;9.7;0.01;2.76;2.32;85.15;0.0;0.05;52.48.241.167;54.77.47.85;
spotify.com;1100000000;1135002504.0;2.04;4.49;103961689;69.66;0.59;7.29;5.61;16.2;0.49;0.17;194.132.198.228;194.132.197.147;194.132.198.165
startv.com.tr;105300000;105315906.0;0.01;5.74;0;24.76;0.24;20.24;5.86;48.54;0.13;0.23;81.21.172.22;;
staseraintv.com;90100000;90121272.0;97.36;4.65;408000627;55.1;0.63;6.98;0.86;36.35;0.0;0.08;62.149.128.160;62.149.128.154;62.149.128.157
stream.cz;94500000;94490466.0;0.04;3.62;136822;30.13;1.69;57.85;5.71;4.52;0.01;0.09;77.75.77.220;;
streamay.com;44500000;44469168.0;0.41;3.74;681890;37.23;0.29;22.67;1.34;38.07;0.0;0.4;104.25.156.114;104.25.155.114;
streamcomplet.com;115100000;115140120.0;0.39;4.81;2159913;31.21;0.22;16.17;1.12;50.81;0.0;0.46;104.18.39.96;104.18.38.96;
subscene.com;402500000;402494340.0;0.61;4.89;12006003;58.75;0.44;25.92;1.76;12.45;0.0;0.69;104.24.6.4;104.24.7.4;
subsfactory.it;8000000;7974582.0;95.25;2.59;19673094;73.85;0.35;10.83;1.9;12.97;0.0;0.1;94.23.17.163;;
telecinco.es;139700000;139707060.0;0.37;2.73;1411181;37.85;0.41;9.96;12.76;38.36;0.0;0.66;213.4.97.111;;
televisionfanatic.com;126500000;126473238.0;1.23;1.32;2053419;29.34;0.15;21.19;1.05;2.56;1.12;44.59;74.113.234.61;;
testitradotti.it;11100000;11111340.0;95.62;2.01;21355573;4.16;0.11;0.88;0.34;94.48;0.0;0.03;217.70.144.80;;
tf1.fr;191900000;191861166.0;0.15;3.71;1067707;26.15;0.58;17.37;12.1;43.69;0.01;0.1;185.22.116.72;;
thepiratebay.org;289700000;289724316.0;0.01;5.82;0;62.79;0.35;16.64;1.34;18.6;0.0;0.27;104.18.41.167;104.18.40.167;
thepiratefilmes.com;63500000;63548592.0;0.03;5.28;100660;62.12;0.28;6.87;2.69;27.05;0.01;0.97;104.28.16.26;104.28.17.26;
thesportstream.com;41900000;41946954.0;17.61;2.19;16177220;3.59;0.09;94.27;0.67;0.94;0.0;0.43;193.150.132.3;;
ticketone.it;21600000;21617934.0;89.01;5.36;103137779;20.91;2.96;22.18;5.89;41.95;5.75;0.36;95.101.78.139;95.101.78.192;
tnt-online.ru;139000000;139040802.0;0.25;2.99;1039329;23.88;0.83;29.95;4.78;40.38;0.0;0.18;178.248.232.36;;
todaypk.com;52400000;52364466.0;0.21;2.99;328796;24.23;0.11;7.38;0.82;66.24;0.0;1.22;104.31.74.181;104.31.75.181;
tpi.it;12800000;12837672.0;86.21;9.22;102041031;8.64;0.15;1.86;76.13;13.1;0.0;0.11;104.28.2.197;104.28.3.197;
trucchifacebook.com;5600000;5571894.0;89.3;1.61;8010879;40.16;0.44;2.22;4.86;52.31;0.0;0.01;37.139.28.187;;
tudou.com;331300000;331287438.0;0.09;3.23;963052;29.76;0.15;39.44;3.87;26.62;0.0;0.16;123.126.98.150;123.126.98.147;123.126.98.151
turkcealtyazi.org;46100000;46144284.0;0.05;4.95;114207;52.33;0.23;15.2;0.68;31.5;0.0;0.05;104.18.45.61;104.18.44.61;
tv.com;145900000;145892022.0;0.75;2.3;2516637;37.01;0.35;8.15;1.04;53.38;0.0;0.07;23.23.89.103;23.23.90.136;
tvblog.it;13200000;13223556.0;93.26;2.43;29967460;31.84;0.05;4.74;12.56;50.75;0.0;0.07;54.77.47.85;52.48.241.167;
tvguide.com;186200000;186185832.0;0.19;2.55;902070;59.11;0.7;6.71;3.06;29.13;0.01;1.28;64.30.228.101;;
tvmuse.com;90300000;90330264.0;0.42;3.63;1377175;50.28;0.71;33.07;2.11;13.6;0.0;0.24;91.192.111.188;;
tvzvezda.ru;155400000;155374116.0;0.23;1.76;628954;33.66;0.32;50.22;9.61;6.17;0.0;0.02;178.248.234.76;;
tzetze.it;5600000;5594508.0;95.16;2.63;14001419;15.79;0.05;1.6;78.51;3.73;0.0;0.32;151.1.253.10;;
ultimate-guitar.com;352500000;352468380.0;2.51;3.82;33795373;30.87;0.34;7.61;3.91;57.23;0.0;0.04;178.18.22.179;;
umblr.com;461300000;461294040.0;1.76;1.84;14938546;47.69;0.11;50.12;0.96;0.87;0.0;0.25;72.32.231.8;;
upyim.com;65200000;65244462.0;0.01;1.65;0;2.96;0.0;0.69;93.81;2.2;0.0;0.34;104.28.28.51;104.28.29.51;
ustream.tv;131699999;131704998.0;1.29;2.25;3822737;44.04;0.51;17.27;11.0;26.9;0.07;0.21;104.156.85.204;23.235.33.204;104.156.81.204
uzone.id;135100000;135064482.0;0.01;3.79;0;29.65;0.6;56.4;1.89;6.27;0.0;5.19;118.97.116.10;;
vanityfair.it;23800000;23815872.0;89.71;1.84;39312002;13.26;0.56;3.97;34.67;44.32;2.41;0.81;52.51.185.234;54.194.216.134;
vidto.me;244700000;244716762.0;24.98;2.27;138765661;8.63;0.27;76.32;2.01;0.41;0.0;12.36;46.28.203.11;179.43.170.153;
vimeo.com;1200000000;1246292256.0;2.0;4.46;111169269;28.86;3.19;20.52;17.32;29.09;0.67;0.35;104.156.81.217;104.156.85.217;23.235.33.217
vodlocker.com;455100000;455071764.0;0.71;2.72;8788345;13.61;0.34;80.74;1.47;2.47;0.0;1.38;104.25.105.13;104.25.104.13;
vvvvid.it;12400000;12436452.0;98.74;6.08;74660896;68.82;0.64;6.4;2.12;21.28;0.0;0.74;62.149.128.166;;
watchseries.li;259899999;259949142.0;0.87;4.8;10855476;33.53;0.62;31.88;1.87;31.88;0.0;0.22;104.31.86.125;104.31.87.125;
weeb.tv;90100000;90139872.0;0.25;3.44;775202;67.95;0.22;18.28;0.86;12.65;0.0;0.03;199.83.130.107;149.126.77.100;
wittytv.it;38500000;38535540.0;87.87;3.04;102937984;17.8;0.41;53.92;4.81;22.63;0.0;0.44;217.29.164.121;;
xunlei.com;129600000;129557496.0;0.09;3.22;375457;36.18;1.16;45.78;0.61;16.13;0.1;0.04;182.118.18.100;119.188.108.240;
yify-torrent.org;112500000;112469472.0;0.01;4.91;0;57.81;0.49;10.34;0.87;30.36;0.0;0.13;104.28.13.32;104.28.12.32;
yify.tv;49600000;49586298.0;0.42;3.43;714340;72.71;0.43;18.62;1.1;6.97;0.0;0.17;104.18.62.185;104.18.63.185;
youku.com;1300000000;1272481998.0;0.05;3.7;2354091;36.56;0.29;40.23;2.87;19.9;0.13;0.03;119.167.145.19;183.61.116.211;123.126.99.31
youtube-mp3.org;2200000000;2215542306.0;2.16;3.03;145002812;44.16;0.01;0.92;0.33;54.29;0.0;0.3;104.20.94.121;104.20.95.121;
youtube.com;128500000000;128468870046.0;1.49;11.07;21190040831;45.25;11.14;14.99;5.72;22.72;0.01;0.17;216.58.198.14;;
zalukaj.com;167700000;167741376.0;0.1;4.95;830319;50.79;0.19;25.02;1.07;22.84;0.0;0.09;104.31.94.102;104.31.95.102;
zap2it.com;111300000;111260184.0;0.43;2.3;1100363;58.8;1.39;18.52;3.72;17.54;0.0;0.04;192.0.79.32;192.0.79.33;
zdf.de;163500000;163498650.0;0.73;3.38;4034165;57.89;0.08;11.85;2.42;27.75;0.0;0.02;91.197.29.78;;
zfilm-hd.net;66500000;66534402.0;0.38;2.5;632076;40.43;0.51;22.68;4.21;31.76;0.0;0.42;185.48.56.143;;
zhanqi.tv;89200000;89153220.0;0.06;3.56;190431;58.13;0.09;24.82;1.46;15.5;0.0;0.0;112.124.44.92;;
zone-telechargement.com;639600000;639585174.0;0.01;5.54;0;67.11;0.51;18.39;0.74;13.07;0.0;0.19;104.31.156.4;104.31.157.4;
